/*--------------------------------*- C++ -*----------------------------------*\
| =========                 |                                                 |
| \\      /  F ield         | OpenFOAM: The Open Source CFD Toolbox           |
|  \\    /   O peration     | Version:  v2012                                 |
|   \\  /    A nd           | Website:  www.openfoam.com                      |
|    \\/     M anipulation  |                                                 |
\*---------------------------------------------------------------------------*/
FoamFile
{
    version     2.0;
    format      ascii;
    class       labelList;
    note        "nPoints:6171  nCells:5000  nFaces:16100  nInternalFaces:13900";
    location    "constant/polyMesh";
    object      neighbour;
}
// * * * * * * * * * * * * * * * * * * * * * * * * * * * * * * * * * * * * * //


13900
(
1
50
500
2
51
501
3
52
502
4
53
503
5
54
504
6
55
505
7
56
506
8
57
507
9
58
508
10
59
509
11
60
510
12
61
511
13
62
512
14
63
513
15
64
514
16
65
515
17
66
516
18
67
517
19
68
518
20
69
519
21
70
520
22
71
521
23
72
522
24
73
523
25
74
524
26
75
525
27
76
526
28
77
527
29
78
528
30
79
529
31
80
530
32
81
531
33
82
532
34
83
533
35
84
534
36
85
535
37
86
536
38
87
537
39
88
538
40
89
539
41
90
540
42
91
541
43
92
542
44
93
543
45
94
544
46
95
545
47
96
546
48
97
547
49
98
548
99
549
51
100
550
52
101
551
53
102
552
54
103
553
55
104
554
56
105
555
57
106
556
58
107
557
59
108
558
60
109
559
61
110
560
62
111
561
63
112
562
64
113
563
65
114
564
66
115
565
67
116
566
68
117
567
69
118
568
70
119
569
71
120
570
72
121
571
73
122
572
74
123
573
75
124
574
76
125
575
77
126
576
78
127
577
79
128
578
80
129
579
81
130
580
82
131
581
83
132
582
84
133
583
85
134
584
86
135
585
87
136
586
88
137
587
89
138
588
90
139
589
91
140
590
92
141
591
93
142
592
94
143
593
95
144
594
96
145
595
97
146
596
98
147
597
99
148
598
149
599
101
150
600
102
151
601
103
152
602
104
153
603
105
154
604
106
155
605
107
156
606
108
157
607
109
158
608
110
159
609
111
160
610
112
161
611
113
162
612
114
163
613
115
164
614
116
165
615
117
166
616
118
167
617
119
168
618
120
169
619
121
170
620
122
171
621
123
172
622
124
173
623
125
174
624
126
175
625
127
176
626
128
177
627
129
178
628
130
179
629
131
180
630
132
181
631
133
182
632
134
183
633
135
184
634
136
185
635
137
186
636
138
187
637
139
188
638
140
189
639
141
190
640
142
191
641
143
192
642
144
193
643
145
194
644
146
195
645
147
196
646
148
197
647
149
198
648
199
649
151
200
650
152
201
651
153
202
652
154
203
653
155
204
654
156
205
655
157
206
656
158
207
657
159
208
658
160
209
659
161
210
660
162
211
661
163
212
662
164
213
663
165
214
664
166
215
665
167
216
666
168
217
667
169
218
668
170
219
669
171
220
670
172
221
671
173
222
672
174
223
673
175
224
674
176
225
675
177
226
676
178
227
677
179
228
678
180
229
679
181
230
680
182
231
681
183
232
682
184
233
683
185
234
684
186
235
685
187
236
686
188
237
687
189
238
688
190
239
689
191
240
690
192
241
691
193
242
692
194
243
693
195
244
694
196
245
695
197
246
696
198
247
697
199
248
698
249
699
201
250
700
202
251
701
203
252
702
204
253
703
205
254
704
206
255
705
207
256
706
208
257
707
209
258
708
210
259
709
211
260
710
212
261
711
213
262
712
214
263
713
215
264
714
216
265
715
217
266
716
218
267
717
219
268
718
220
269
719
221
270
720
222
271
721
223
272
722
224
273
723
225
274
724
226
275
725
227
276
726
228
277
727
229
278
728
230
279
729
231
280
730
232
281
731
233
282
732
234
283
733
235
284
734
236
285
735
237
286
736
238
287
737
239
288
738
240
289
739
241
290
740
242
291
741
243
292
742
244
293
743
245
294
744
246
295
745
247
296
746
248
297
747
249
298
748
299
749
251
300
750
252
301
751
253
302
752
254
303
753
255
304
754
256
305
755
257
306
756
258
307
757
259
308
758
260
309
759
261
310
760
262
311
761
263
312
762
264
313
763
265
314
764
266
315
765
267
316
766
268
317
767
269
318
768
270
319
769
271
320
770
272
321
771
273
322
772
274
323
773
275
324
774
276
325
775
277
326
776
278
327
777
279
328
778
280
329
779
281
330
780
282
331
781
283
332
782
284
333
783
285
334
784
286
335
785
287
336
786
288
337
787
289
338
788
290
339
789
291
340
790
292
341
791
293
342
792
294
343
793
295
344
794
296
345
795
297
346
796
298
347
797
299
348
798
349
799
301
350
800
302
351
801
303
352
802
304
353
803
305
354
804
306
355
805
307
356
806
308
357
807
309
358
808
310
359
809
311
360
810
312
361
811
313
362
812
314
363
813
315
364
814
316
365
815
317
366
816
318
367
817
319
368
818
320
369
819
321
370
820
322
371
821
323
372
822
324
373
823
325
374
824
326
375
825
327
376
826
328
377
827
329
378
828
330
379
829
331
380
830
332
381
831
333
382
832
334
383
833
335
384
834
336
385
835
337
386
836
338
387
837
339
388
838
340
389
839
341
390
840
342
391
841
343
392
842
344
393
843
345
394
844
346
395
845
347
396
846
348
397
847
349
398
848
399
849
351
400
850
352
401
851
353
402
852
354
403
853
355
404
854
356
405
855
357
406
856
358
407
857
359
408
858
360
409
859
361
410
860
362
411
861
363
412
862
364
413
863
365
414
864
366
415
865
367
416
866
368
417
867
369
418
868
370
419
869
371
420
870
372
421
871
373
422
872
374
423
873
375
424
874
376
425
875
377
426
876
378
427
877
379
428
878
380
429
879
381
430
880
382
431
881
383
432
882
384
433
883
385
434
884
386
435
885
387
436
886
388
437
887
389
438
888
390
439
889
391
440
890
392
441
891
393
442
892
394
443
893
395
444
894
396
445
895
397
446
896
398
447
897
399
448
898
449
899
401
450
900
402
451
901
403
452
902
404
453
903
405
454
904
406
455
905
407
456
906
408
457
907
409
458
908
410
459
909
411
460
910
412
461
911
413
462
912
414
463
913
415
464
914
416
465
915
417
466
916
418
467
917
419
468
918
420
469
919
421
470
920
422
471
921
423
472
922
424
473
923
425
474
924
426
475
925
427
476
926
428
477
927
429
478
928
430
479
929
431
480
930
432
481
931
433
482
932
434
483
933
435
484
934
436
485
935
437
486
936
438
487
937
439
488
938
440
489
939
441
490
940
442
491
941
443
492
942
444
493
943
445
494
944
446
495
945
447
496
946
448
497
947
449
498
948
499
949
451
950
452
951
453
952
454
953
455
954
456
955
457
956
458
957
459
958
460
959
461
960
462
961
463
962
464
963
465
964
466
965
467
966
468
967
469
968
470
969
471
970
472
971
473
972
474
973
475
974
476
975
477
976
478
977
479
978
480
979
481
980
482
981
483
982
484
983
485
984
486
985
487
986
488
987
489
988
490
989
491
990
492
991
493
992
494
993
495
994
496
995
497
996
498
997
499
998
999
501
550
1000
502
551
1001
503
552
1002
504
553
1003
505
554
1004
506
555
1005
507
556
1006
508
557
1007
509
558
1008
510
559
1009
511
560
1010
512
561
1011
513
562
1012
514
563
1013
515
564
1014
516
565
1015
517
566
1016
518
567
1017
519
568
1018
520
569
1019
521
570
1020
522
571
1021
523
572
1022
524
573
1023
525
574
1024
526
575
1025
527
576
1026
528
577
1027
529
578
1028
530
579
1029
531
580
1030
532
581
1031
533
582
1032
534
583
1033
535
584
1034
536
585
1035
537
586
1036
538
587
1037
539
588
1038
540
589
1039
541
590
1040
542
591
1041
543
592
1042
544
593
1043
545
594
1044
546
595
1045
547
596
1046
548
597
1047
549
598
1048
599
1049
551
600
1050
552
601
1051
553
602
1052
554
603
1053
555
604
1054
556
605
1055
557
606
1056
558
607
1057
559
608
1058
560
609
1059
561
610
1060
562
611
1061
563
612
1062
564
613
1063
565
614
1064
566
615
1065
567
616
1066
568
617
1067
569
618
1068
570
619
1069
571
620
1070
572
621
1071
573
622
1072
574
623
1073
575
624
1074
576
625
1075
577
626
1076
578
627
1077
579
628
1078
580
629
1079
581
630
1080
582
631
1081
583
632
1082
584
633
1083
585
634
1084
586
635
1085
587
636
1086
588
637
1087
589
638
1088
590
639
1089
591
640
1090
592
641
1091
593
642
1092
594
643
1093
595
644
1094
596
645
1095
597
646
1096
598
647
1097
599
648
1098
649
1099
601
650
1100
602
651
1101
603
652
1102
604
653
1103
605
654
1104
606
655
1105
607
656
1106
608
657
1107
609
658
1108
610
659
1109
611
660
1110
612
661
1111
613
662
1112
614
663
1113
615
664
1114
616
665
1115
617
666
1116
618
667
1117
619
668
1118
620
669
1119
621
670
1120
622
671
1121
623
672
1122
624
673
1123
625
674
1124
626
675
1125
627
676
1126
628
677
1127
629
678
1128
630
679
1129
631
680
1130
632
681
1131
633
682
1132
634
683
1133
635
684
1134
636
685
1135
637
686
1136
638
687
1137
639
688
1138
640
689
1139
641
690
1140
642
691
1141
643
692
1142
644
693
1143
645
694
1144
646
695
1145
647
696
1146
648
697
1147
649
698
1148
699
1149
651
700
1150
652
701
1151
653
702
1152
654
703
1153
655
704
1154
656
705
1155
657
706
1156
658
707
1157
659
708
1158
660
709
1159
661
710
1160
662
711
1161
663
712
1162
664
713
1163
665
714
1164
666
715
1165
667
716
1166
668
717
1167
669
718
1168
670
719
1169
671
720
1170
672
721
1171
673
722
1172
674
723
1173
675
724
1174
676
725
1175
677
726
1176
678
727
1177
679
728
1178
680
729
1179
681
730
1180
682
731
1181
683
732
1182
684
733
1183
685
734
1184
686
735
1185
687
736
1186
688
737
1187
689
738
1188
690
739
1189
691
740
1190
692
741
1191
693
742
1192
694
743
1193
695
744
1194
696
745
1195
697
746
1196
698
747
1197
699
748
1198
749
1199
701
750
1200
702
751
1201
703
752
1202
704
753
1203
705
754
1204
706
755
1205
707
756
1206
708
757
1207
709
758
1208
710
759
1209
711
760
1210
712
761
1211
713
762
1212
714
763
1213
715
764
1214
716
765
1215
717
766
1216
718
767
1217
719
768
1218
720
769
1219
721
770
1220
722
771
1221
723
772
1222
724
773
1223
725
774
1224
726
775
1225
727
776
1226
728
777
1227
729
778
1228
730
779
1229
731
780
1230
732
781
1231
733
782
1232
734
783
1233
735
784
1234
736
785
1235
737
786
1236
738
787
1237
739
788
1238
740
789
1239
741
790
1240
742
791
1241
743
792
1242
744
793
1243
745
794
1244
746
795
1245
747
796
1246
748
797
1247
749
798
1248
799
1249
751
800
1250
752
801
1251
753
802
1252
754
803
1253
755
804
1254
756
805
1255
757
806
1256
758
807
1257
759
808
1258
760
809
1259
761
810
1260
762
811
1261
763
812
1262
764
813
1263
765
814
1264
766
815
1265
767
816
1266
768
817
1267
769
818
1268
770
819
1269
771
820
1270
772
821
1271
773
822
1272
774
823
1273
775
824
1274
776
825
1275
777
826
1276
778
827
1277
779
828
1278
780
829
1279
781
830
1280
782
831
1281
783
832
1282
784
833
1283
785
834
1284
786
835
1285
787
836
1286
788
837
1287
789
838
1288
790
839
1289
791
840
1290
792
841
1291
793
842
1292
794
843
1293
795
844
1294
796
845
1295
797
846
1296
798
847
1297
799
848
1298
849
1299
801
850
1300
802
851
1301
803
852
1302
804
853
1303
805
854
1304
806
855
1305
807
856
1306
808
857
1307
809
858
1308
810
859
1309
811
860
1310
812
861
1311
813
862
1312
814
863
1313
815
864
1314
816
865
1315
817
866
1316
818
867
1317
819
868
1318
820
869
1319
821
870
1320
822
871
1321
823
872
1322
824
873
1323
825
874
1324
826
875
1325
827
876
1326
828
877
1327
829
878
1328
830
879
1329
831
880
1330
832
881
1331
833
882
1332
834
883
1333
835
884
1334
836
885
1335
837
886
1336
838
887
1337
839
888
1338
840
889
1339
841
890
1340
842
891
1341
843
892
1342
844
893
1343
845
894
1344
846
895
1345
847
896
1346
848
897
1347
849
898
1348
899
1349
851
900
1350
852
901
1351
853
902
1352
854
903
1353
855
904
1354
856
905
1355
857
906
1356
858
907
1357
859
908
1358
860
909
1359
861
910
1360
862
911
1361
863
912
1362
864
913
1363
865
914
1364
866
915
1365
867
916
1366
868
917
1367
869
918
1368
870
919
1369
871
920
1370
872
921
1371
873
922
1372
874
923
1373
875
924
1374
876
925
1375
877
926
1376
878
927
1377
879
928
1378
880
929
1379
881
930
1380
882
931
1381
883
932
1382
884
933
1383
885
934
1384
886
935
1385
887
936
1386
888
937
1387
889
938
1388
890
939
1389
891
940
1390
892
941
1391
893
942
1392
894
943
1393
895
944
1394
896
945
1395
897
946
1396
898
947
1397
899
948
1398
949
1399
901
950
1400
902
951
1401
903
952
1402
904
953
1403
905
954
1404
906
955
1405
907
956
1406
908
957
1407
909
958
1408
910
959
1409
911
960
1410
912
961
1411
913
962
1412
914
963
1413
915
964
1414
916
965
1415
917
966
1416
918
967
1417
919
968
1418
920
969
1419
921
970
1420
922
971
1421
923
972
1422
924
973
1423
925
974
1424
926
975
1425
927
976
1426
928
977
1427
929
978
1428
930
979
1429
931
980
1430
932
981
1431
933
982
1432
934
983
1433
935
984
1434
936
985
1435
937
986
1436
938
987
1437
939
988
1438
940
989
1439
941
990
1440
942
991
1441
943
992
1442
944
993
1443
945
994
1444
946
995
1445
947
996
1446
948
997
1447
949
998
1448
999
1449
951
1450
952
1451
953
1452
954
1453
955
1454
956
1455
957
1456
958
1457
959
1458
960
1459
961
1460
962
1461
963
1462
964
1463
965
1464
966
1465
967
1466
968
1467
969
1468
970
1469
971
1470
972
1471
973
1472
974
1473
975
1474
976
1475
977
1476
978
1477
979
1478
980
1479
981
1480
982
1481
983
1482
984
1483
985
1484
986
1485
987
1486
988
1487
989
1488
990
1489
991
1490
992
1491
993
1492
994
1493
995
1494
996
1495
997
1496
998
1497
999
1498
1499
1001
1050
1500
1002
1051
1501
1003
1052
1502
1004
1053
1503
1005
1054
1504
1006
1055
1505
1007
1056
1506
1008
1057
1507
1009
1058
1508
1010
1059
1509
1011
1060
1510
1012
1061
1511
1013
1062
1512
1014
1063
1513
1015
1064
1514
1016
1065
1515
1017
1066
1516
1018
1067
1517
1019
1068
1518
1020
1069
1519
1021
1070
1520
1022
1071
1521
1023
1072
1522
1024
1073
1523
1025
1074
1524
1026
1075
1525
1027
1076
1526
1028
1077
1527
1029
1078
1528
1030
1079
1529
1031
1080
1530
1032
1081
1531
1033
1082
1532
1034
1083
1533
1035
1084
1534
1036
1085
1535
1037
1086
1536
1038
1087
1537
1039
1088
1538
1040
1089
1539
1041
1090
1540
1042
1091
1541
1043
1092
1542
1044
1093
1543
1045
1094
1544
1046
1095
1545
1047
1096
1546
1048
1097
1547
1049
1098
1548
1099
1549
1051
1100
1550
1052
1101
1551
1053
1102
1552
1054
1103
1553
1055
1104
1554
1056
1105
1555
1057
1106
1556
1058
1107
1557
1059
1108
1558
1060
1109
1559
1061
1110
1560
1062
1111
1561
1063
1112
1562
1064
1113
1563
1065
1114
1564
1066
1115
1565
1067
1116
1566
1068
1117
1567
1069
1118
1568
1070
1119
1569
1071
1120
1570
1072
1121
1571
1073
1122
1572
1074
1123
1573
1075
1124
1574
1076
1125
1575
1077
1126
1576
1078
1127
1577
1079
1128
1578
1080
1129
1579
1081
1130
1580
1082
1131
1581
1083
1132
1582
1084
1133
1583
1085
1134
1584
1086
1135
1585
1087
1136
1586
1088
1137
1587
1089
1138
1588
1090
1139
1589
1091
1140
1590
1092
1141
1591
1093
1142
1592
1094
1143
1593
1095
1144
1594
1096
1145
1595
1097
1146
1596
1098
1147
1597
1099
1148
1598
1149
1599
1101
1150
1600
1102
1151
1601
1103
1152
1602
1104
1153
1603
1105
1154
1604
1106
1155
1605
1107
1156
1606
1108
1157
1607
1109
1158
1608
1110
1159
1609
1111
1160
1610
1112
1161
1611
1113
1162
1612
1114
1163
1613
1115
1164
1614
1116
1165
1615
1117
1166
1616
1118
1167
1617
1119
1168
1618
1120
1169
1619
1121
1170
1620
1122
1171
1621
1123
1172
1622
1124
1173
1623
1125
1174
1624
1126
1175
1625
1127
1176
1626
1128
1177
1627
1129
1178
1628
1130
1179
1629
1131
1180
1630
1132
1181
1631
1133
1182
1632
1134
1183
1633
1135
1184
1634
1136
1185
1635
1137
1186
1636
1138
1187
1637
1139
1188
1638
1140
1189
1639
1141
1190
1640
1142
1191
1641
1143
1192
1642
1144
1193
1643
1145
1194
1644
1146
1195
1645
1147
1196
1646
1148
1197
1647
1149
1198
1648
1199
1649
1151
1200
1650
1152
1201
1651
1153
1202
1652
1154
1203
1653
1155
1204
1654
1156
1205
1655
1157
1206
1656
1158
1207
1657
1159
1208
1658
1160
1209
1659
1161
1210
1660
1162
1211
1661
1163
1212
1662
1164
1213
1663
1165
1214
1664
1166
1215
1665
1167
1216
1666
1168
1217
1667
1169
1218
1668
1170
1219
1669
1171
1220
1670
1172
1221
1671
1173
1222
1672
1174
1223
1673
1175
1224
1674
1176
1225
1675
1177
1226
1676
1178
1227
1677
1179
1228
1678
1180
1229
1679
1181
1230
1680
1182
1231
1681
1183
1232
1682
1184
1233
1683
1185
1234
1684
1186
1235
1685
1187
1236
1686
1188
1237
1687
1189
1238
1688
1190
1239
1689
1191
1240
1690
1192
1241
1691
1193
1242
1692
1194
1243
1693
1195
1244
1694
1196
1245
1695
1197
1246
1696
1198
1247
1697
1199
1248
1698
1249
1699
1201
1250
1700
1202
1251
1701
1203
1252
1702
1204
1253
1703
1205
1254
1704
1206
1255
1705
1207
1256
1706
1208
1257
1707
1209
1258
1708
1210
1259
1709
1211
1260
1710
1212
1261
1711
1213
1262
1712
1214
1263
1713
1215
1264
1714
1216
1265
1715
1217
1266
1716
1218
1267
1717
1219
1268
1718
1220
1269
1719
1221
1270
1720
1222
1271
1721
1223
1272
1722
1224
1273
1723
1225
1274
1724
1226
1275
1725
1227
1276
1726
1228
1277
1727
1229
1278
1728
1230
1279
1729
1231
1280
1730
1232
1281
1731
1233
1282
1732
1234
1283
1733
1235
1284
1734
1236
1285
1735
1237
1286
1736
1238
1287
1737
1239
1288
1738
1240
1289
1739
1241
1290
1740
1242
1291
1741
1243
1292
1742
1244
1293
1743
1245
1294
1744
1246
1295
1745
1247
1296
1746
1248
1297
1747
1249
1298
1748
1299
1749
1251
1300
1750
1252
1301
1751
1253
1302
1752
1254
1303
1753
1255
1304
1754
1256
1305
1755
1257
1306
1756
1258
1307
1757
1259
1308
1758
1260
1309
1759
1261
1310
1760
1262
1311
1761
1263
1312
1762
1264
1313
1763
1265
1314
1764
1266
1315
1765
1267
1316
1766
1268
1317
1767
1269
1318
1768
1270
1319
1769
1271
1320
1770
1272
1321
1771
1273
1322
1772
1274
1323
1773
1275
1324
1774
1276
1325
1775
1277
1326
1776
1278
1327
1777
1279
1328
1778
1280
1329
1779
1281
1330
1780
1282
1331
1781
1283
1332
1782
1284
1333
1783
1285
1334
1784
1286
1335
1785
1287
1336
1786
1288
1337
1787
1289
1338
1788
1290
1339
1789
1291
1340
1790
1292
1341
1791
1293
1342
1792
1294
1343
1793
1295
1344
1794
1296
1345
1795
1297
1346
1796
1298
1347
1797
1299
1348
1798
1349
1799
1301
1350
1800
1302
1351
1801
1303
1352
1802
1304
1353
1803
1305
1354
1804
1306
1355
1805
1307
1356
1806
1308
1357
1807
1309
1358
1808
1310
1359
1809
1311
1360
1810
1312
1361
1811
1313
1362
1812
1314
1363
1813
1315
1364
1814
1316
1365
1815
1317
1366
1816
1318
1367
1817
1319
1368
1818
1320
1369
1819
1321
1370
1820
1322
1371
1821
1323
1372
1822
1324
1373
1823
1325
1374
1824
1326
1375
1825
1327
1376
1826
1328
1377
1827
1329
1378
1828
1330
1379
1829
1331
1380
1830
1332
1381
1831
1333
1382
1832
1334
1383
1833
1335
1384
1834
1336
1385
1835
1337
1386
1836
1338
1387
1837
1339
1388
1838
1340
1389
1839
1341
1390
1840
1342
1391
1841
1343
1392
1842
1344
1393
1843
1345
1394
1844
1346
1395
1845
1347
1396
1846
1348
1397
1847
1349
1398
1848
1399
1849
1351
1400
1850
1352
1401
1851
1353
1402
1852
1354
1403
1853
1355
1404
1854
1356
1405
1855
1357
1406
1856
1358
1407
1857
1359
1408
1858
1360
1409
1859
1361
1410
1860
1362
1411
1861
1363
1412
1862
1364
1413
1863
1365
1414
1864
1366
1415
1865
1367
1416
1866
1368
1417
1867
1369
1418
1868
1370
1419
1869
1371
1420
1870
1372
1421
1871
1373
1422
1872
1374
1423
1873
1375
1424
1874
1376
1425
1875
1377
1426
1876
1378
1427
1877
1379
1428
1878
1380
1429
1879
1381
1430
1880
1382
1431
1881
1383
1432
1882
1384
1433
1883
1385
1434
1884
1386
1435
1885
1387
1436
1886
1388
1437
1887
1389
1438
1888
1390
1439
1889
1391
1440
1890
1392
1441
1891
1393
1442
1892
1394
1443
1893
1395
1444
1894
1396
1445
1895
1397
1446
1896
1398
1447
1897
1399
1448
1898
1449
1899
1401
1450
1900
1402
1451
1901
1403
1452
1902
1404
1453
1903
1405
1454
1904
1406
1455
1905
1407
1456
1906
1408
1457
1907
1409
1458
1908
1410
1459
1909
1411
1460
1910
1412
1461
1911
1413
1462
1912
1414
1463
1913
1415
1464
1914
1416
1465
1915
1417
1466
1916
1418
1467
1917
1419
1468
1918
1420
1469
1919
1421
1470
1920
1422
1471
1921
1423
1472
1922
1424
1473
1923
1425
1474
1924
1426
1475
1925
1427
1476
1926
1428
1477
1927
1429
1478
1928
1430
1479
1929
1431
1480
1930
1432
1481
1931
1433
1482
1932
1434
1483
1933
1435
1484
1934
1436
1485
1935
1437
1486
1936
1438
1487
1937
1439
1488
1938
1440
1489
1939
1441
1490
1940
1442
1491
1941
1443
1492
1942
1444
1493
1943
1445
1494
1944
1446
1495
1945
1447
1496
1946
1448
1497
1947
1449
1498
1948
1499
1949
1451
1950
1452
1951
1453
1952
1454
1953
1455
1954
1456
1955
1457
1956
1458
1957
1459
1958
1460
1959
1461
1960
1462
1961
1463
1962
1464
1963
1465
1964
1466
1965
1467
1966
1468
1967
1469
1968
1470
1969
1471
1970
1472
1971
1473
1972
1474
1973
1475
1974
1476
1975
1477
1976
1478
1977
1479
1978
1480
1979
1481
1980
1482
1981
1483
1982
1484
1983
1485
1984
1486
1985
1487
1986
1488
1987
1489
1988
1490
1989
1491
1990
1492
1991
1493
1992
1494
1993
1495
1994
1496
1995
1497
1996
1498
1997
1499
1998
1999
1501
1550
2000
1502
1551
2001
1503
1552
2002
1504
1553
2003
1505
1554
2004
1506
1555
2005
1507
1556
2006
1508
1557
2007
1509
1558
2008
1510
1559
2009
1511
1560
2010
1512
1561
2011
1513
1562
2012
1514
1563
2013
1515
1564
2014
1516
1565
2015
1517
1566
2016
1518
1567
2017
1519
1568
2018
1520
1569
2019
1521
1570
2020
1522
1571
2021
1523
1572
2022
1524
1573
2023
1525
1574
2024
1526
1575
2025
1527
1576
2026
1528
1577
2027
1529
1578
2028
1530
1579
2029
1531
1580
2030
1532
1581
2031
1533
1582
2032
1534
1583
2033
1535
1584
2034
1536
1585
2035
1537
1586
2036
1538
1587
2037
1539
1588
2038
1540
1589
2039
1541
1590
2040
1542
1591
2041
1543
1592
2042
1544
1593
2043
1545
1594
2044
1546
1595
2045
1547
1596
2046
1548
1597
2047
1549
1598
2048
1599
2049
1551
1600
2050
1552
1601
2051
1553
1602
2052
1554
1603
2053
1555
1604
2054
1556
1605
2055
1557
1606
2056
1558
1607
2057
1559
1608
2058
1560
1609
2059
1561
1610
2060
1562
1611
2061
1563
1612
2062
1564
1613
2063
1565
1614
2064
1566
1615
2065
1567
1616
2066
1568
1617
2067
1569
1618
2068
1570
1619
2069
1571
1620
2070
1572
1621
2071
1573
1622
2072
1574
1623
2073
1575
1624
2074
1576
1625
2075
1577
1626
2076
1578
1627
2077
1579
1628
2078
1580
1629
2079
1581
1630
2080
1582
1631
2081
1583
1632
2082
1584
1633
2083
1585
1634
2084
1586
1635
2085
1587
1636
2086
1588
1637
2087
1589
1638
2088
1590
1639
2089
1591
1640
2090
1592
1641
2091
1593
1642
2092
1594
1643
2093
1595
1644
2094
1596
1645
2095
1597
1646
2096
1598
1647
2097
1599
1648
2098
1649
2099
1601
1650
2100
1602
1651
2101
1603
1652
2102
1604
1653
2103
1605
1654
2104
1606
1655
2105
1607
1656
2106
1608
1657
2107
1609
1658
2108
1610
1659
2109
1611
1660
2110
1612
1661
2111
1613
1662
2112
1614
1663
2113
1615
1664
2114
1616
1665
2115
1617
1666
2116
1618
1667
2117
1619
1668
2118
1620
1669
2119
1621
1670
2120
1622
1671
2121
1623
1672
2122
1624
1673
2123
1625
1674
2124
1626
1675
2125
1627
1676
2126
1628
1677
2127
1629
1678
2128
1630
1679
2129
1631
1680
2130
1632
1681
2131
1633
1682
2132
1634
1683
2133
1635
1684
2134
1636
1685
2135
1637
1686
2136
1638
1687
2137
1639
1688
2138
1640
1689
2139
1641
1690
2140
1642
1691
2141
1643
1692
2142
1644
1693
2143
1645
1694
2144
1646
1695
2145
1647
1696
2146
1648
1697
2147
1649
1698
2148
1699
2149
1651
1700
2150
1652
1701
2151
1653
1702
2152
1654
1703
2153
1655
1704
2154
1656
1705
2155
1657
1706
2156
1658
1707
2157
1659
1708
2158
1660
1709
2159
1661
1710
2160
1662
1711
2161
1663
1712
2162
1664
1713
2163
1665
1714
2164
1666
1715
2165
1667
1716
2166
1668
1717
2167
1669
1718
2168
1670
1719
2169
1671
1720
2170
1672
1721
2171
1673
1722
2172
1674
1723
2173
1675
1724
2174
1676
1725
2175
1677
1726
2176
1678
1727
2177
1679
1728
2178
1680
1729
2179
1681
1730
2180
1682
1731
2181
1683
1732
2182
1684
1733
2183
1685
1734
2184
1686
1735
2185
1687
1736
2186
1688
1737
2187
1689
1738
2188
1690
1739
2189
1691
1740
2190
1692
1741
2191
1693
1742
2192
1694
1743
2193
1695
1744
2194
1696
1745
2195
1697
1746
2196
1698
1747
2197
1699
1748
2198
1749
2199
1701
1750
2200
1702
1751
2201
1703
1752
2202
1704
1753
2203
1705
1754
2204
1706
1755
2205
1707
1756
2206
1708
1757
2207
1709
1758
2208
1710
1759
2209
1711
1760
2210
1712
1761
2211
1713
1762
2212
1714
1763
2213
1715
1764
2214
1716
1765
2215
1717
1766
2216
1718
1767
2217
1719
1768
2218
1720
1769
2219
1721
1770
2220
1722
1771
2221
1723
1772
2222
1724
1773
2223
1725
1774
2224
1726
1775
2225
1727
1776
2226
1728
1777
2227
1729
1778
2228
1730
1779
2229
1731
1780
2230
1732
1781
2231
1733
1782
2232
1734
1783
2233
1735
1784
2234
1736
1785
2235
1737
1786
2236
1738
1787
2237
1739
1788
2238
1740
1789
2239
1741
1790
2240
1742
1791
2241
1743
1792
2242
1744
1793
2243
1745
1794
2244
1746
1795
2245
1747
1796
2246
1748
1797
2247
1749
1798
2248
1799
2249
1751
1800
2250
1752
1801
2251
1753
1802
2252
1754
1803
2253
1755
1804
2254
1756
1805
2255
1757
1806
2256
1758
1807
2257
1759
1808
2258
1760
1809
2259
1761
1810
2260
1762
1811
2261
1763
1812
2262
1764
1813
2263
1765
1814
2264
1766
1815
2265
1767
1816
2266
1768
1817
2267
1769
1818
2268
1770
1819
2269
1771
1820
2270
1772
1821
2271
1773
1822
2272
1774
1823
2273
1775
1824
2274
1776
1825
2275
1777
1826
2276
1778
1827
2277
1779
1828
2278
1780
1829
2279
1781
1830
2280
1782
1831
2281
1783
1832
2282
1784
1833
2283
1785
1834
2284
1786
1835
2285
1787
1836
2286
1788
1837
2287
1789
1838
2288
1790
1839
2289
1791
1840
2290
1792
1841
2291
1793
1842
2292
1794
1843
2293
1795
1844
2294
1796
1845
2295
1797
1846
2296
1798
1847
2297
1799
1848
2298
1849
2299
1801
1850
2300
1802
1851
2301
1803
1852
2302
1804
1853
2303
1805
1854
2304
1806
1855
2305
1807
1856
2306
1808
1857
2307
1809
1858
2308
1810
1859
2309
1811
1860
2310
1812
1861
2311
1813
1862
2312
1814
1863
2313
1815
1864
2314
1816
1865
2315
1817
1866
2316
1818
1867
2317
1819
1868
2318
1820
1869
2319
1821
1870
2320
1822
1871
2321
1823
1872
2322
1824
1873
2323
1825
1874
2324
1826
1875
2325
1827
1876
2326
1828
1877
2327
1829
1878
2328
1830
1879
2329
1831
1880
2330
1832
1881
2331
1833
1882
2332
1834
1883
2333
1835
1884
2334
1836
1885
2335
1837
1886
2336
1838
1887
2337
1839
1888
2338
1840
1889
2339
1841
1890
2340
1842
1891
2341
1843
1892
2342
1844
1893
2343
1845
1894
2344
1846
1895
2345
1847
1896
2346
1848
1897
2347
1849
1898
2348
1899
2349
1851
1900
2350
1852
1901
2351
1853
1902
2352
1854
1903
2353
1855
1904
2354
1856
1905
2355
1857
1906
2356
1858
1907
2357
1859
1908
2358
1860
1909
2359
1861
1910
2360
1862
1911
2361
1863
1912
2362
1864
1913
2363
1865
1914
2364
1866
1915
2365
1867
1916
2366
1868
1917
2367
1869
1918
2368
1870
1919
2369
1871
1920
2370
1872
1921
2371
1873
1922
2372
1874
1923
2373
1875
1924
2374
1876
1925
2375
1877
1926
2376
1878
1927
2377
1879
1928
2378
1880
1929
2379
1881
1930
2380
1882
1931
2381
1883
1932
2382
1884
1933
2383
1885
1934
2384
1886
1935
2385
1887
1936
2386
1888
1937
2387
1889
1938
2388
1890
1939
2389
1891
1940
2390
1892
1941
2391
1893
1942
2392
1894
1943
2393
1895
1944
2394
1896
1945
2395
1897
1946
2396
1898
1947
2397
1899
1948
2398
1949
2399
1901
1950
2400
1902
1951
2401
1903
1952
2402
1904
1953
2403
1905
1954
2404
1906
1955
2405
1907
1956
2406
1908
1957
2407
1909
1958
2408
1910
1959
2409
1911
1960
2410
1912
1961
2411
1913
1962
2412
1914
1963
2413
1915
1964
2414
1916
1965
2415
1917
1966
2416
1918
1967
2417
1919
1968
2418
1920
1969
2419
1921
1970
2420
1922
1971
2421
1923
1972
2422
1924
1973
2423
1925
1974
2424
1926
1975
2425
1927
1976
2426
1928
1977
2427
1929
1978
2428
1930
1979
2429
1931
1980
2430
1932
1981
2431
1933
1982
2432
1934
1983
2433
1935
1984
2434
1936
1985
2435
1937
1986
2436
1938
1987
2437
1939
1988
2438
1940
1989
2439
1941
1990
2440
1942
1991
2441
1943
1992
2442
1944
1993
2443
1945
1994
2444
1946
1995
2445
1947
1996
2446
1948
1997
2447
1949
1998
2448
1999
2449
1951
2450
1952
2451
1953
2452
1954
2453
1955
2454
1956
2455
1957
2456
1958
2457
1959
2458
1960
2459
1961
2460
1962
2461
1963
2462
1964
2463
1965
2464
1966
2465
1967
2466
1968
2467
1969
2468
1970
2469
1971
2470
1972
2471
1973
2472
1974
2473
1975
2474
1976
2475
1977
2476
1978
2477
1979
2478
1980
2479
1981
2480
1982
2481
1983
2482
1984
2483
1985
2484
1986
2485
1987
2486
1988
2487
1989
2488
1990
2489
1991
2490
1992
2491
1993
2492
1994
2493
1995
2494
1996
2495
1997
2496
1998
2497
1999
2498
2499
2001
2050
2500
2002
2051
2501
2003
2052
2502
2004
2053
2503
2005
2054
2504
2006
2055
2505
2007
2056
2506
2008
2057
2507
2009
2058
2508
2010
2059
2509
2011
2060
2510
2012
2061
2511
2013
2062
2512
2014
2063
2513
2015
2064
2514
2016
2065
2515
2017
2066
2516
2018
2067
2517
2019
2068
2518
2020
2069
2519
2021
2070
2520
2022
2071
2521
2023
2072
2522
2024
2073
2523
2025
2074
2524
2026
2075
2525
2027
2076
2526
2028
2077
2527
2029
2078
2528
2030
2079
2529
2031
2080
2530
2032
2081
2531
2033
2082
2532
2034
2083
2533
2035
2084
2534
2036
2085
2535
2037
2086
2536
2038
2087
2537
2039
2088
2538
2040
2089
2539
2041
2090
2540
2042
2091
2541
2043
2092
2542
2044
2093
2543
2045
2094
2544
2046
2095
2545
2047
2096
2546
2048
2097
2547
2049
2098
2548
2099
2549
2051
2100
2550
2052
2101
2551
2053
2102
2552
2054
2103
2553
2055
2104
2554
2056
2105
2555
2057
2106
2556
2058
2107
2557
2059
2108
2558
2060
2109
2559
2061
2110
2560
2062
2111
2561
2063
2112
2562
2064
2113
2563
2065
2114
2564
2066
2115
2565
2067
2116
2566
2068
2117
2567
2069
2118
2568
2070
2119
2569
2071
2120
2570
2072
2121
2571
2073
2122
2572
2074
2123
2573
2075
2124
2574
2076
2125
2575
2077
2126
2576
2078
2127
2577
2079
2128
2578
2080
2129
2579
2081
2130
2580
2082
2131
2581
2083
2132
2582
2084
2133
2583
2085
2134
2584
2086
2135
2585
2087
2136
2586
2088
2137
2587
2089
2138
2588
2090
2139
2589
2091
2140
2590
2092
2141
2591
2093
2142
2592
2094
2143
2593
2095
2144
2594
2096
2145
2595
2097
2146
2596
2098
2147
2597
2099
2148
2598
2149
2599
2101
2150
2600
2102
2151
2601
2103
2152
2602
2104
2153
2603
2105
2154
2604
2106
2155
2605
2107
2156
2606
2108
2157
2607
2109
2158
2608
2110
2159
2609
2111
2160
2610
2112
2161
2611
2113
2162
2612
2114
2163
2613
2115
2164
2614
2116
2165
2615
2117
2166
2616
2118
2167
2617
2119
2168
2618
2120
2169
2619
2121
2170
2620
2122
2171
2621
2123
2172
2622
2124
2173
2623
2125
2174
2624
2126
2175
2625
2127
2176
2626
2128
2177
2627
2129
2178
2628
2130
2179
2629
2131
2180
2630
2132
2181
2631
2133
2182
2632
2134
2183
2633
2135
2184
2634
2136
2185
2635
2137
2186
2636
2138
2187
2637
2139
2188
2638
2140
2189
2639
2141
2190
2640
2142
2191
2641
2143
2192
2642
2144
2193
2643
2145
2194
2644
2146
2195
2645
2147
2196
2646
2148
2197
2647
2149
2198
2648
2199
2649
2151
2200
2650
2152
2201
2651
2153
2202
2652
2154
2203
2653
2155
2204
2654
2156
2205
2655
2157
2206
2656
2158
2207
2657
2159
2208
2658
2160
2209
2659
2161
2210
2660
2162
2211
2661
2163
2212
2662
2164
2213
2663
2165
2214
2664
2166
2215
2665
2167
2216
2666
2168
2217
2667
2169
2218
2668
2170
2219
2669
2171
2220
2670
2172
2221
2671
2173
2222
2672
2174
2223
2673
2175
2224
2674
2176
2225
2675
2177
2226
2676
2178
2227
2677
2179
2228
2678
2180
2229
2679
2181
2230
2680
2182
2231
2681
2183
2232
2682
2184
2233
2683
2185
2234
2684
2186
2235
2685
2187
2236
2686
2188
2237
2687
2189
2238
2688
2190
2239
2689
2191
2240
2690
2192
2241
2691
2193
2242
2692
2194
2243
2693
2195
2244
2694
2196
2245
2695
2197
2246
2696
2198
2247
2697
2199
2248
2698
2249
2699
2201
2250
2700
2202
2251
2701
2203
2252
2702
2204
2253
2703
2205
2254
2704
2206
2255
2705
2207
2256
2706
2208
2257
2707
2209
2258
2708
2210
2259
2709
2211
2260
2710
2212
2261
2711
2213
2262
2712
2214
2263
2713
2215
2264
2714
2216
2265
2715
2217
2266
2716
2218
2267
2717
2219
2268
2718
2220
2269
2719
2221
2270
2720
2222
2271
2721
2223
2272
2722
2224
2273
2723
2225
2274
2724
2226
2275
2725
2227
2276
2726
2228
2277
2727
2229
2278
2728
2230
2279
2729
2231
2280
2730
2232
2281
2731
2233
2282
2732
2234
2283
2733
2235
2284
2734
2236
2285
2735
2237
2286
2736
2238
2287
2737
2239
2288
2738
2240
2289
2739
2241
2290
2740
2242
2291
2741
2243
2292
2742
2244
2293
2743
2245
2294
2744
2246
2295
2745
2247
2296
2746
2248
2297
2747
2249
2298
2748
2299
2749
2251
2300
2750
2252
2301
2751
2253
2302
2752
2254
2303
2753
2255
2304
2754
2256
2305
2755
2257
2306
2756
2258
2307
2757
2259
2308
2758
2260
2309
2759
2261
2310
2760
2262
2311
2761
2263
2312
2762
2264
2313
2763
2265
2314
2764
2266
2315
2765
2267
2316
2766
2268
2317
2767
2269
2318
2768
2270
2319
2769
2271
2320
2770
2272
2321
2771
2273
2322
2772
2274
2323
2773
2275
2324
2774
2276
2325
2775
2277
2326
2776
2278
2327
2777
2279
2328
2778
2280
2329
2779
2281
2330
2780
2282
2331
2781
2283
2332
2782
2284
2333
2783
2285
2334
2784
2286
2335
2785
2287
2336
2786
2288
2337
2787
2289
2338
2788
2290
2339
2789
2291
2340
2790
2292
2341
2791
2293
2342
2792
2294
2343
2793
2295
2344
2794
2296
2345
2795
2297
2346
2796
2298
2347
2797
2299
2348
2798
2349
2799
2301
2350
2800
2302
2351
2801
2303
2352
2802
2304
2353
2803
2305
2354
2804
2306
2355
2805
2307
2356
2806
2308
2357
2807
2309
2358
2808
2310
2359
2809
2311
2360
2810
2312
2361
2811
2313
2362
2812
2314
2363
2813
2315
2364
2814
2316
2365
2815
2317
2366
2816
2318
2367
2817
2319
2368
2818
2320
2369
2819
2321
2370
2820
2322
2371
2821
2323
2372
2822
2324
2373
2823
2325
2374
2824
2326
2375
2825
2327
2376
2826
2328
2377
2827
2329
2378
2828
2330
2379
2829
2331
2380
2830
2332
2381
2831
2333
2382
2832
2334
2383
2833
2335
2384
2834
2336
2385
2835
2337
2386
2836
2338
2387
2837
2339
2388
2838
2340
2389
2839
2341
2390
2840
2342
2391
2841
2343
2392
2842
2344
2393
2843
2345
2394
2844
2346
2395
2845
2347
2396
2846
2348
2397
2847
2349
2398
2848
2399
2849
2351
2400
2850
2352
2401
2851
2353
2402
2852
2354
2403
2853
2355
2404
2854
2356
2405
2855
2357
2406
2856
2358
2407
2857
2359
2408
2858
2360
2409
2859
2361
2410
2860
2362
2411
2861
2363
2412
2862
2364
2413
2863
2365
2414
2864
2366
2415
2865
2367
2416
2866
2368
2417
2867
2369
2418
2868
2370
2419
2869
2371
2420
2870
2372
2421
2871
2373
2422
2872
2374
2423
2873
2375
2424
2874
2376
2425
2875
2377
2426
2876
2378
2427
2877
2379
2428
2878
2380
2429
2879
2381
2430
2880
2382
2431
2881
2383
2432
2882
2384
2433
2883
2385
2434
2884
2386
2435
2885
2387
2436
2886
2388
2437
2887
2389
2438
2888
2390
2439
2889
2391
2440
2890
2392
2441
2891
2393
2442
2892
2394
2443
2893
2395
2444
2894
2396
2445
2895
2397
2446
2896
2398
2447
2897
2399
2448
2898
2449
2899
2401
2450
2900
2402
2451
2901
2403
2452
2902
2404
2453
2903
2405
2454
2904
2406
2455
2905
2407
2456
2906
2408
2457
2907
2409
2458
2908
2410
2459
2909
2411
2460
2910
2412
2461
2911
2413
2462
2912
2414
2463
2913
2415
2464
2914
2416
2465
2915
2417
2466
2916
2418
2467
2917
2419
2468
2918
2420
2469
2919
2421
2470
2920
2422
2471
2921
2423
2472
2922
2424
2473
2923
2425
2474
2924
2426
2475
2925
2427
2476
2926
2428
2477
2927
2429
2478
2928
2430
2479
2929
2431
2480
2930
2432
2481
2931
2433
2482
2932
2434
2483
2933
2435
2484
2934
2436
2485
2935
2437
2486
2936
2438
2487
2937
2439
2488
2938
2440
2489
2939
2441
2490
2940
2442
2491
2941
2443
2492
2942
2444
2493
2943
2445
2494
2944
2446
2495
2945
2447
2496
2946
2448
2497
2947
2449
2498
2948
2499
2949
2451
2950
2452
2951
2453
2952
2454
2953
2455
2954
2456
2955
2457
2956
2458
2957
2459
2958
2460
2959
2461
2960
2462
2961
2463
2962
2464
2963
2465
2964
2466
2965
2467
2966
2468
2967
2469
2968
2470
2969
2471
2970
2472
2971
2473
2972
2474
2973
2475
2974
2476
2975
2477
2976
2478
2977
2479
2978
2480
2979
2481
2980
2482
2981
2483
2982
2484
2983
2485
2984
2486
2985
2487
2986
2488
2987
2489
2988
2490
2989
2491
2990
2492
2991
2493
2992
2494
2993
2495
2994
2496
2995
2497
2996
2498
2997
2499
2998
2999
2501
2550
3000
2502
2551
3001
2503
2552
3002
2504
2553
3003
2505
2554
3004
2506
2555
3005
2507
2556
3006
2508
2557
3007
2509
2558
3008
2510
2559
3009
2511
2560
3010
2512
2561
3011
2513
2562
3012
2514
2563
3013
2515
2564
3014
2516
2565
3015
2517
2566
3016
2518
2567
3017
2519
2568
3018
2520
2569
3019
2521
2570
3020
2522
2571
3021
2523
2572
3022
2524
2573
3023
2525
2574
3024
2526
2575
3025
2527
2576
3026
2528
2577
3027
2529
2578
3028
2530
2579
3029
2531
2580
3030
2532
2581
3031
2533
2582
3032
2534
2583
3033
2535
2584
3034
2536
2585
3035
2537
2586
3036
2538
2587
3037
2539
2588
3038
2540
2589
3039
2541
2590
3040
2542
2591
3041
2543
2592
3042
2544
2593
3043
2545
2594
3044
2546
2595
3045
2547
2596
3046
2548
2597
3047
2549
2598
3048
2599
3049
2551
2600
3050
2552
2601
3051
2553
2602
3052
2554
2603
3053
2555
2604
3054
2556
2605
3055
2557
2606
3056
2558
2607
3057
2559
2608
3058
2560
2609
3059
2561
2610
3060
2562
2611
3061
2563
2612
3062
2564
2613
3063
2565
2614
3064
2566
2615
3065
2567
2616
3066
2568
2617
3067
2569
2618
3068
2570
2619
3069
2571
2620
3070
2572
2621
3071
2573
2622
3072
2574
2623
3073
2575
2624
3074
2576
2625
3075
2577
2626
3076
2578
2627
3077
2579
2628
3078
2580
2629
3079
2581
2630
3080
2582
2631
3081
2583
2632
3082
2584
2633
3083
2585
2634
3084
2586
2635
3085
2587
2636
3086
2588
2637
3087
2589
2638
3088
2590
2639
3089
2591
2640
3090
2592
2641
3091
2593
2642
3092
2594
2643
3093
2595
2644
3094
2596
2645
3095
2597
2646
3096
2598
2647
3097
2599
2648
3098
2649
3099
2601
2650
3100
2602
2651
3101
2603
2652
3102
2604
2653
3103
2605
2654
3104
2606
2655
3105
2607
2656
3106
2608
2657
3107
2609
2658
3108
2610
2659
3109
2611
2660
3110
2612
2661
3111
2613
2662
3112
2614
2663
3113
2615
2664
3114
2616
2665
3115
2617
2666
3116
2618
2667
3117
2619
2668
3118
2620
2669
3119
2621
2670
3120
2622
2671
3121
2623
2672
3122
2624
2673
3123
2625
2674
3124
2626
2675
3125
2627
2676
3126
2628
2677
3127
2629
2678
3128
2630
2679
3129
2631
2680
3130
2632
2681
3131
2633
2682
3132
2634
2683
3133
2635
2684
3134
2636
2685
3135
2637
2686
3136
2638
2687
3137
2639
2688
3138
2640
2689
3139
2641
2690
3140
2642
2691
3141
2643
2692
3142
2644
2693
3143
2645
2694
3144
2646
2695
3145
2647
2696
3146
2648
2697
3147
2649
2698
3148
2699
3149
2651
2700
3150
2652
2701
3151
2653
2702
3152
2654
2703
3153
2655
2704
3154
2656
2705
3155
2657
2706
3156
2658
2707
3157
2659
2708
3158
2660
2709
3159
2661
2710
3160
2662
2711
3161
2663
2712
3162
2664
2713
3163
2665
2714
3164
2666
2715
3165
2667
2716
3166
2668
2717
3167
2669
2718
3168
2670
2719
3169
2671
2720
3170
2672
2721
3171
2673
2722
3172
2674
2723
3173
2675
2724
3174
2676
2725
3175
2677
2726
3176
2678
2727
3177
2679
2728
3178
2680
2729
3179
2681
2730
3180
2682
2731
3181
2683
2732
3182
2684
2733
3183
2685
2734
3184
2686
2735
3185
2687
2736
3186
2688
2737
3187
2689
2738
3188
2690
2739
3189
2691
2740
3190
2692
2741
3191
2693
2742
3192
2694
2743
3193
2695
2744
3194
2696
2745
3195
2697
2746
3196
2698
2747
3197
2699
2748
3198
2749
3199
2701
2750
3200
2702
2751
3201
2703
2752
3202
2704
2753
3203
2705
2754
3204
2706
2755
3205
2707
2756
3206
2708
2757
3207
2709
2758
3208
2710
2759
3209
2711
2760
3210
2712
2761
3211
2713
2762
3212
2714
2763
3213
2715
2764
3214
2716
2765
3215
2717
2766
3216
2718
2767
3217
2719
2768
3218
2720
2769
3219
2721
2770
3220
2722
2771
3221
2723
2772
3222
2724
2773
3223
2725
2774
3224
2726
2775
3225
2727
2776
3226
2728
2777
3227
2729
2778
3228
2730
2779
3229
2731
2780
3230
2732
2781
3231
2733
2782
3232
2734
2783
3233
2735
2784
3234
2736
2785
3235
2737
2786
3236
2738
2787
3237
2739
2788
3238
2740
2789
3239
2741
2790
3240
2742
2791
3241
2743
2792
3242
2744
2793
3243
2745
2794
3244
2746
2795
3245
2747
2796
3246
2748
2797
3247
2749
2798
3248
2799
3249
2751
2800
3250
2752
2801
3251
2753
2802
3252
2754
2803
3253
2755
2804
3254
2756
2805
3255
2757
2806
3256
2758
2807
3257
2759
2808
3258
2760
2809
3259
2761
2810
3260
2762
2811
3261
2763
2812
3262
2764
2813
3263
2765
2814
3264
2766
2815
3265
2767
2816
3266
2768
2817
3267
2769
2818
3268
2770
2819
3269
2771
2820
3270
2772
2821
3271
2773
2822
3272
2774
2823
3273
2775
2824
3274
2776
2825
3275
2777
2826
3276
2778
2827
3277
2779
2828
3278
2780
2829
3279
2781
2830
3280
2782
2831
3281
2783
2832
3282
2784
2833
3283
2785
2834
3284
2786
2835
3285
2787
2836
3286
2788
2837
3287
2789
2838
3288
2790
2839
3289
2791
2840
3290
2792
2841
3291
2793
2842
3292
2794
2843
3293
2795
2844
3294
2796
2845
3295
2797
2846
3296
2798
2847
3297
2799
2848
3298
2849
3299
2801
2850
3300
2802
2851
3301
2803
2852
3302
2804
2853
3303
2805
2854
3304
2806
2855
3305
2807
2856
3306
2808
2857
3307
2809
2858
3308
2810
2859
3309
2811
2860
3310
2812
2861
3311
2813
2862
3312
2814
2863
3313
2815
2864
3314
2816
2865
3315
2817
2866
3316
2818
2867
3317
2819
2868
3318
2820
2869
3319
2821
2870
3320
2822
2871
3321
2823
2872
3322
2824
2873
3323
2825
2874
3324
2826
2875
3325
2827
2876
3326
2828
2877
3327
2829
2878
3328
2830
2879
3329
2831
2880
3330
2832
2881
3331
2833
2882
3332
2834
2883
3333
2835
2884
3334
2836
2885
3335
2837
2886
3336
2838
2887
3337
2839
2888
3338
2840
2889
3339
2841
2890
3340
2842
2891
3341
2843
2892
3342
2844
2893
3343
2845
2894
3344
2846
2895
3345
2847
2896
3346
2848
2897
3347
2849
2898
3348
2899
3349
2851
2900
3350
2852
2901
3351
2853
2902
3352
2854
2903
3353
2855
2904
3354
2856
2905
3355
2857
2906
3356
2858
2907
3357
2859
2908
3358
2860
2909
3359
2861
2910
3360
2862
2911
3361
2863
2912
3362
2864
2913
3363
2865
2914
3364
2866
2915
3365
2867
2916
3366
2868
2917
3367
2869
2918
3368
2870
2919
3369
2871
2920
3370
2872
2921
3371
2873
2922
3372
2874
2923
3373
2875
2924
3374
2876
2925
3375
2877
2926
3376
2878
2927
3377
2879
2928
3378
2880
2929
3379
2881
2930
3380
2882
2931
3381
2883
2932
3382
2884
2933
3383
2885
2934
3384
2886
2935
3385
2887
2936
3386
2888
2937
3387
2889
2938
3388
2890
2939
3389
2891
2940
3390
2892
2941
3391
2893
2942
3392
2894
2943
3393
2895
2944
3394
2896
2945
3395
2897
2946
3396
2898
2947
3397
2899
2948
3398
2949
3399
2901
2950
3400
2902
2951
3401
2903
2952
3402
2904
2953
3403
2905
2954
3404
2906
2955
3405
2907
2956
3406
2908
2957
3407
2909
2958
3408
2910
2959
3409
2911
2960
3410
2912
2961
3411
2913
2962
3412
2914
2963
3413
2915
2964
3414
2916
2965
3415
2917
2966
3416
2918
2967
3417
2919
2968
3418
2920
2969
3419
2921
2970
3420
2922
2971
3421
2923
2972
3422
2924
2973
3423
2925
2974
3424
2926
2975
3425
2927
2976
3426
2928
2977
3427
2929
2978
3428
2930
2979
3429
2931
2980
3430
2932
2981
3431
2933
2982
3432
2934
2983
3433
2935
2984
3434
2936
2985
3435
2937
2986
3436
2938
2987
3437
2939
2988
3438
2940
2989
3439
2941
2990
3440
2942
2991
3441
2943
2992
3442
2944
2993
3443
2945
2994
3444
2946
2995
3445
2947
2996
3446
2948
2997
3447
2949
2998
3448
2999
3449
2951
3450
2952
3451
2953
3452
2954
3453
2955
3454
2956
3455
2957
3456
2958
3457
2959
3458
2960
3459
2961
3460
2962
3461
2963
3462
2964
3463
2965
3464
2966
3465
2967
3466
2968
3467
2969
3468
2970
3469
2971
3470
2972
3471
2973
3472
2974
3473
2975
3474
2976
3475
2977
3476
2978
3477
2979
3478
2980
3479
2981
3480
2982
3481
2983
3482
2984
3483
2985
3484
2986
3485
2987
3486
2988
3487
2989
3488
2990
3489
2991
3490
2992
3491
2993
3492
2994
3493
2995
3494
2996
3495
2997
3496
2998
3497
2999
3498
3499
3001
3050
3500
3002
3051
3501
3003
3052
3502
3004
3053
3503
3005
3054
3504
3006
3055
3505
3007
3056
3506
3008
3057
3507
3009
3058
3508
3010
3059
3509
3011
3060
3510
3012
3061
3511
3013
3062
3512
3014
3063
3513
3015
3064
3514
3016
3065
3515
3017
3066
3516
3018
3067
3517
3019
3068
3518
3020
3069
3519
3021
3070
3520
3022
3071
3521
3023
3072
3522
3024
3073
3523
3025
3074
3524
3026
3075
3525
3027
3076
3526
3028
3077
3527
3029
3078
3528
3030
3079
3529
3031
3080
3530
3032
3081
3531
3033
3082
3532
3034
3083
3533
3035
3084
3534
3036
3085
3535
3037
3086
3536
3038
3087
3537
3039
3088
3538
3040
3089
3539
3041
3090
3540
3042
3091
3541
3043
3092
3542
3044
3093
3543
3045
3094
3544
3046
3095
3545
3047
3096
3546
3048
3097
3547
3049
3098
3548
3099
3549
3051
3100
3550
3052
3101
3551
3053
3102
3552
3054
3103
3553
3055
3104
3554
3056
3105
3555
3057
3106
3556
3058
3107
3557
3059
3108
3558
3060
3109
3559
3061
3110
3560
3062
3111
3561
3063
3112
3562
3064
3113
3563
3065
3114
3564
3066
3115
3565
3067
3116
3566
3068
3117
3567
3069
3118
3568
3070
3119
3569
3071
3120
3570
3072
3121
3571
3073
3122
3572
3074
3123
3573
3075
3124
3574
3076
3125
3575
3077
3126
3576
3078
3127
3577
3079
3128
3578
3080
3129
3579
3081
3130
3580
3082
3131
3581
3083
3132
3582
3084
3133
3583
3085
3134
3584
3086
3135
3585
3087
3136
3586
3088
3137
3587
3089
3138
3588
3090
3139
3589
3091
3140
3590
3092
3141
3591
3093
3142
3592
3094
3143
3593
3095
3144
3594
3096
3145
3595
3097
3146
3596
3098
3147
3597
3099
3148
3598
3149
3599
3101
3150
3600
3102
3151
3601
3103
3152
3602
3104
3153
3603
3105
3154
3604
3106
3155
3605
3107
3156
3606
3108
3157
3607
3109
3158
3608
3110
3159
3609
3111
3160
3610
3112
3161
3611
3113
3162
3612
3114
3163
3613
3115
3164
3614
3116
3165
3615
3117
3166
3616
3118
3167
3617
3119
3168
3618
3120
3169
3619
3121
3170
3620
3122
3171
3621
3123
3172
3622
3124
3173
3623
3125
3174
3624
3126
3175
3625
3127
3176
3626
3128
3177
3627
3129
3178
3628
3130
3179
3629
3131
3180
3630
3132
3181
3631
3133
3182
3632
3134
3183
3633
3135
3184
3634
3136
3185
3635
3137
3186
3636
3138
3187
3637
3139
3188
3638
3140
3189
3639
3141
3190
3640
3142
3191
3641
3143
3192
3642
3144
3193
3643
3145
3194
3644
3146
3195
3645
3147
3196
3646
3148
3197
3647
3149
3198
3648
3199
3649
3151
3200
3650
3152
3201
3651
3153
3202
3652
3154
3203
3653
3155
3204
3654
3156
3205
3655
3157
3206
3656
3158
3207
3657
3159
3208
3658
3160
3209
3659
3161
3210
3660
3162
3211
3661
3163
3212
3662
3164
3213
3663
3165
3214
3664
3166
3215
3665
3167
3216
3666
3168
3217
3667
3169
3218
3668
3170
3219
3669
3171
3220
3670
3172
3221
3671
3173
3222
3672
3174
3223
3673
3175
3224
3674
3176
3225
3675
3177
3226
3676
3178
3227
3677
3179
3228
3678
3180
3229
3679
3181
3230
3680
3182
3231
3681
3183
3232
3682
3184
3233
3683
3185
3234
3684
3186
3235
3685
3187
3236
3686
3188
3237
3687
3189
3238
3688
3190
3239
3689
3191
3240
3690
3192
3241
3691
3193
3242
3692
3194
3243
3693
3195
3244
3694
3196
3245
3695
3197
3246
3696
3198
3247
3697
3199
3248
3698
3249
3699
3201
3250
3700
3202
3251
3701
3203
3252
3702
3204
3253
3703
3205
3254
3704
3206
3255
3705
3207
3256
3706
3208
3257
3707
3209
3258
3708
3210
3259
3709
3211
3260
3710
3212
3261
3711
3213
3262
3712
3214
3263
3713
3215
3264
3714
3216
3265
3715
3217
3266
3716
3218
3267
3717
3219
3268
3718
3220
3269
3719
3221
3270
3720
3222
3271
3721
3223
3272
3722
3224
3273
3723
3225
3274
3724
3226
3275
3725
3227
3276
3726
3228
3277
3727
3229
3278
3728
3230
3279
3729
3231
3280
3730
3232
3281
3731
3233
3282
3732
3234
3283
3733
3235
3284
3734
3236
3285
3735
3237
3286
3736
3238
3287
3737
3239
3288
3738
3240
3289
3739
3241
3290
3740
3242
3291
3741
3243
3292
3742
3244
3293
3743
3245
3294
3744
3246
3295
3745
3247
3296
3746
3248
3297
3747
3249
3298
3748
3299
3749
3251
3300
3750
3252
3301
3751
3253
3302
3752
3254
3303
3753
3255
3304
3754
3256
3305
3755
3257
3306
3756
3258
3307
3757
3259
3308
3758
3260
3309
3759
3261
3310
3760
3262
3311
3761
3263
3312
3762
3264
3313
3763
3265
3314
3764
3266
3315
3765
3267
3316
3766
3268
3317
3767
3269
3318
3768
3270
3319
3769
3271
3320
3770
3272
3321
3771
3273
3322
3772
3274
3323
3773
3275
3324
3774
3276
3325
3775
3277
3326
3776
3278
3327
3777
3279
3328
3778
3280
3329
3779
3281
3330
3780
3282
3331
3781
3283
3332
3782
3284
3333
3783
3285
3334
3784
3286
3335
3785
3287
3336
3786
3288
3337
3787
3289
3338
3788
3290
3339
3789
3291
3340
3790
3292
3341
3791
3293
3342
3792
3294
3343
3793
3295
3344
3794
3296
3345
3795
3297
3346
3796
3298
3347
3797
3299
3348
3798
3349
3799
3301
3350
3800
3302
3351
3801
3303
3352
3802
3304
3353
3803
3305
3354
3804
3306
3355
3805
3307
3356
3806
3308
3357
3807
3309
3358
3808
3310
3359
3809
3311
3360
3810
3312
3361
3811
3313
3362
3812
3314
3363
3813
3315
3364
3814
3316
3365
3815
3317
3366
3816
3318
3367
3817
3319
3368
3818
3320
3369
3819
3321
3370
3820
3322
3371
3821
3323
3372
3822
3324
3373
3823
3325
3374
3824
3326
3375
3825
3327
3376
3826
3328
3377
3827
3329
3378
3828
3330
3379
3829
3331
3380
3830
3332
3381
3831
3333
3382
3832
3334
3383
3833
3335
3384
3834
3336
3385
3835
3337
3386
3836
3338
3387
3837
3339
3388
3838
3340
3389
3839
3341
3390
3840
3342
3391
3841
3343
3392
3842
3344
3393
3843
3345
3394
3844
3346
3395
3845
3347
3396
3846
3348
3397
3847
3349
3398
3848
3399
3849
3351
3400
3850
3352
3401
3851
3353
3402
3852
3354
3403
3853
3355
3404
3854
3356
3405
3855
3357
3406
3856
3358
3407
3857
3359
3408
3858
3360
3409
3859
3361
3410
3860
3362
3411
3861
3363
3412
3862
3364
3413
3863
3365
3414
3864
3366
3415
3865
3367
3416
3866
3368
3417
3867
3369
3418
3868
3370
3419
3869
3371
3420
3870
3372
3421
3871
3373
3422
3872
3374
3423
3873
3375
3424
3874
3376
3425
3875
3377
3426
3876
3378
3427
3877
3379
3428
3878
3380
3429
3879
3381
3430
3880
3382
3431
3881
3383
3432
3882
3384
3433
3883
3385
3434
3884
3386
3435
3885
3387
3436
3886
3388
3437
3887
3389
3438
3888
3390
3439
3889
3391
3440
3890
3392
3441
3891
3393
3442
3892
3394
3443
3893
3395
3444
3894
3396
3445
3895
3397
3446
3896
3398
3447
3897
3399
3448
3898
3449
3899
3401
3450
3900
3402
3451
3901
3403
3452
3902
3404
3453
3903
3405
3454
3904
3406
3455
3905
3407
3456
3906
3408
3457
3907
3409
3458
3908
3410
3459
3909
3411
3460
3910
3412
3461
3911
3413
3462
3912
3414
3463
3913
3415
3464
3914
3416
3465
3915
3417
3466
3916
3418
3467
3917
3419
3468
3918
3420
3469
3919
3421
3470
3920
3422
3471
3921
3423
3472
3922
3424
3473
3923
3425
3474
3924
3426
3475
3925
3427
3476
3926
3428
3477
3927
3429
3478
3928
3430
3479
3929
3431
3480
3930
3432
3481
3931
3433
3482
3932
3434
3483
3933
3435
3484
3934
3436
3485
3935
3437
3486
3936
3438
3487
3937
3439
3488
3938
3440
3489
3939
3441
3490
3940
3442
3491
3941
3443
3492
3942
3444
3493
3943
3445
3494
3944
3446
3495
3945
3447
3496
3946
3448
3497
3947
3449
3498
3948
3499
3949
3451
3950
3452
3951
3453
3952
3454
3953
3455
3954
3456
3955
3457
3956
3458
3957
3459
3958
3460
3959
3461
3960
3462
3961
3463
3962
3464
3963
3465
3964
3466
3965
3467
3966
3468
3967
3469
3968
3470
3969
3471
3970
3472
3971
3473
3972
3474
3973
3475
3974
3476
3975
3477
3976
3478
3977
3479
3978
3480
3979
3481
3980
3482
3981
3483
3982
3484
3983
3485
3984
3486
3985
3487
3986
3488
3987
3489
3988
3490
3989
3491
3990
3492
3991
3493
3992
3494
3993
3495
3994
3496
3995
3497
3996
3498
3997
3499
3998
3999
3501
3550
4000
3502
3551
4001
3503
3552
4002
3504
3553
4003
3505
3554
4004
3506
3555
4005
3507
3556
4006
3508
3557
4007
3509
3558
4008
3510
3559
4009
3511
3560
4010
3512
3561
4011
3513
3562
4012
3514
3563
4013
3515
3564
4014
3516
3565
4015
3517
3566
4016
3518
3567
4017
3519
3568
4018
3520
3569
4019
3521
3570
4020
3522
3571
4021
3523
3572
4022
3524
3573
4023
3525
3574
4024
3526
3575
4025
3527
3576
4026
3528
3577
4027
3529
3578
4028
3530
3579
4029
3531
3580
4030
3532
3581
4031
3533
3582
4032
3534
3583
4033
3535
3584
4034
3536
3585
4035
3537
3586
4036
3538
3587
4037
3539
3588
4038
3540
3589
4039
3541
3590
4040
3542
3591
4041
3543
3592
4042
3544
3593
4043
3545
3594
4044
3546
3595
4045
3547
3596
4046
3548
3597
4047
3549
3598
4048
3599
4049
3551
3600
4050
3552
3601
4051
3553
3602
4052
3554
3603
4053
3555
3604
4054
3556
3605
4055
3557
3606
4056
3558
3607
4057
3559
3608
4058
3560
3609
4059
3561
3610
4060
3562
3611
4061
3563
3612
4062
3564
3613
4063
3565
3614
4064
3566
3615
4065
3567
3616
4066
3568
3617
4067
3569
3618
4068
3570
3619
4069
3571
3620
4070
3572
3621
4071
3573
3622
4072
3574
3623
4073
3575
3624
4074
3576
3625
4075
3577
3626
4076
3578
3627
4077
3579
3628
4078
3580
3629
4079
3581
3630
4080
3582
3631
4081
3583
3632
4082
3584
3633
4083
3585
3634
4084
3586
3635
4085
3587
3636
4086
3588
3637
4087
3589
3638
4088
3590
3639
4089
3591
3640
4090
3592
3641
4091
3593
3642
4092
3594
3643
4093
3595
3644
4094
3596
3645
4095
3597
3646
4096
3598
3647
4097
3599
3648
4098
3649
4099
3601
3650
4100
3602
3651
4101
3603
3652
4102
3604
3653
4103
3605
3654
4104
3606
3655
4105
3607
3656
4106
3608
3657
4107
3609
3658
4108
3610
3659
4109
3611
3660
4110
3612
3661
4111
3613
3662
4112
3614
3663
4113
3615
3664
4114
3616
3665
4115
3617
3666
4116
3618
3667
4117
3619
3668
4118
3620
3669
4119
3621
3670
4120
3622
3671
4121
3623
3672
4122
3624
3673
4123
3625
3674
4124
3626
3675
4125
3627
3676
4126
3628
3677
4127
3629
3678
4128
3630
3679
4129
3631
3680
4130
3632
3681
4131
3633
3682
4132
3634
3683
4133
3635
3684
4134
3636
3685
4135
3637
3686
4136
3638
3687
4137
3639
3688
4138
3640
3689
4139
3641
3690
4140
3642
3691
4141
3643
3692
4142
3644
3693
4143
3645
3694
4144
3646
3695
4145
3647
3696
4146
3648
3697
4147
3649
3698
4148
3699
4149
3651
3700
4150
3652
3701
4151
3653
3702
4152
3654
3703
4153
3655
3704
4154
3656
3705
4155
3657
3706
4156
3658
3707
4157
3659
3708
4158
3660
3709
4159
3661
3710
4160
3662
3711
4161
3663
3712
4162
3664
3713
4163
3665
3714
4164
3666
3715
4165
3667
3716
4166
3668
3717
4167
3669
3718
4168
3670
3719
4169
3671
3720
4170
3672
3721
4171
3673
3722
4172
3674
3723
4173
3675
3724
4174
3676
3725
4175
3677
3726
4176
3678
3727
4177
3679
3728
4178
3680
3729
4179
3681
3730
4180
3682
3731
4181
3683
3732
4182
3684
3733
4183
3685
3734
4184
3686
3735
4185
3687
3736
4186
3688
3737
4187
3689
3738
4188
3690
3739
4189
3691
3740
4190
3692
3741
4191
3693
3742
4192
3694
3743
4193
3695
3744
4194
3696
3745
4195
3697
3746
4196
3698
3747
4197
3699
3748
4198
3749
4199
3701
3750
4200
3702
3751
4201
3703
3752
4202
3704
3753
4203
3705
3754
4204
3706
3755
4205
3707
3756
4206
3708
3757
4207
3709
3758
4208
3710
3759
4209
3711
3760
4210
3712
3761
4211
3713
3762
4212
3714
3763
4213
3715
3764
4214
3716
3765
4215
3717
3766
4216
3718
3767
4217
3719
3768
4218
3720
3769
4219
3721
3770
4220
3722
3771
4221
3723
3772
4222
3724
3773
4223
3725
3774
4224
3726
3775
4225
3727
3776
4226
3728
3777
4227
3729
3778
4228
3730
3779
4229
3731
3780
4230
3732
3781
4231
3733
3782
4232
3734
3783
4233
3735
3784
4234
3736
3785
4235
3737
3786
4236
3738
3787
4237
3739
3788
4238
3740
3789
4239
3741
3790
4240
3742
3791
4241
3743
3792
4242
3744
3793
4243
3745
3794
4244
3746
3795
4245
3747
3796
4246
3748
3797
4247
3749
3798
4248
3799
4249
3751
3800
4250
3752
3801
4251
3753
3802
4252
3754
3803
4253
3755
3804
4254
3756
3805
4255
3757
3806
4256
3758
3807
4257
3759
3808
4258
3760
3809
4259
3761
3810
4260
3762
3811
4261
3763
3812
4262
3764
3813
4263
3765
3814
4264
3766
3815
4265
3767
3816
4266
3768
3817
4267
3769
3818
4268
3770
3819
4269
3771
3820
4270
3772
3821
4271
3773
3822
4272
3774
3823
4273
3775
3824
4274
3776
3825
4275
3777
3826
4276
3778
3827
4277
3779
3828
4278
3780
3829
4279
3781
3830
4280
3782
3831
4281
3783
3832
4282
3784
3833
4283
3785
3834
4284
3786
3835
4285
3787
3836
4286
3788
3837
4287
3789
3838
4288
3790
3839
4289
3791
3840
4290
3792
3841
4291
3793
3842
4292
3794
3843
4293
3795
3844
4294
3796
3845
4295
3797
3846
4296
3798
3847
4297
3799
3848
4298
3849
4299
3801
3850
4300
3802
3851
4301
3803
3852
4302
3804
3853
4303
3805
3854
4304
3806
3855
4305
3807
3856
4306
3808
3857
4307
3809
3858
4308
3810
3859
4309
3811
3860
4310
3812
3861
4311
3813
3862
4312
3814
3863
4313
3815
3864
4314
3816
3865
4315
3817
3866
4316
3818
3867
4317
3819
3868
4318
3820
3869
4319
3821
3870
4320
3822
3871
4321
3823
3872
4322
3824
3873
4323
3825
3874
4324
3826
3875
4325
3827
3876
4326
3828
3877
4327
3829
3878
4328
3830
3879
4329
3831
3880
4330
3832
3881
4331
3833
3882
4332
3834
3883
4333
3835
3884
4334
3836
3885
4335
3837
3886
4336
3838
3887
4337
3839
3888
4338
3840
3889
4339
3841
3890
4340
3842
3891
4341
3843
3892
4342
3844
3893
4343
3845
3894
4344
3846
3895
4345
3847
3896
4346
3848
3897
4347
3849
3898
4348
3899
4349
3851
3900
4350
3852
3901
4351
3853
3902
4352
3854
3903
4353
3855
3904
4354
3856
3905
4355
3857
3906
4356
3858
3907
4357
3859
3908
4358
3860
3909
4359
3861
3910
4360
3862
3911
4361
3863
3912
4362
3864
3913
4363
3865
3914
4364
3866
3915
4365
3867
3916
4366
3868
3917
4367
3869
3918
4368
3870
3919
4369
3871
3920
4370
3872
3921
4371
3873
3922
4372
3874
3923
4373
3875
3924
4374
3876
3925
4375
3877
3926
4376
3878
3927
4377
3879
3928
4378
3880
3929
4379
3881
3930
4380
3882
3931
4381
3883
3932
4382
3884
3933
4383
3885
3934
4384
3886
3935
4385
3887
3936
4386
3888
3937
4387
3889
3938
4388
3890
3939
4389
3891
3940
4390
3892
3941
4391
3893
3942
4392
3894
3943
4393
3895
3944
4394
3896
3945
4395
3897
3946
4396
3898
3947
4397
3899
3948
4398
3949
4399
3901
3950
4400
3902
3951
4401
3903
3952
4402
3904
3953
4403
3905
3954
4404
3906
3955
4405
3907
3956
4406
3908
3957
4407
3909
3958
4408
3910
3959
4409
3911
3960
4410
3912
3961
4411
3913
3962
4412
3914
3963
4413
3915
3964
4414
3916
3965
4415
3917
3966
4416
3918
3967
4417
3919
3968
4418
3920
3969
4419
3921
3970
4420
3922
3971
4421
3923
3972
4422
3924
3973
4423
3925
3974
4424
3926
3975
4425
3927
3976
4426
3928
3977
4427
3929
3978
4428
3930
3979
4429
3931
3980
4430
3932
3981
4431
3933
3982
4432
3934
3983
4433
3935
3984
4434
3936
3985
4435
3937
3986
4436
3938
3987
4437
3939
3988
4438
3940
3989
4439
3941
3990
4440
3942
3991
4441
3943
3992
4442
3944
3993
4443
3945
3994
4444
3946
3995
4445
3947
3996
4446
3948
3997
4447
3949
3998
4448
3999
4449
3951
4450
3952
4451
3953
4452
3954
4453
3955
4454
3956
4455
3957
4456
3958
4457
3959
4458
3960
4459
3961
4460
3962
4461
3963
4462
3964
4463
3965
4464
3966
4465
3967
4466
3968
4467
3969
4468
3970
4469
3971
4470
3972
4471
3973
4472
3974
4473
3975
4474
3976
4475
3977
4476
3978
4477
3979
4478
3980
4479
3981
4480
3982
4481
3983
4482
3984
4483
3985
4484
3986
4485
3987
4486
3988
4487
3989
4488
3990
4489
3991
4490
3992
4491
3993
4492
3994
4493
3995
4494
3996
4495
3997
4496
3998
4497
3999
4498
4499
4001
4050
4500
4002
4051
4501
4003
4052
4502
4004
4053
4503
4005
4054
4504
4006
4055
4505
4007
4056
4506
4008
4057
4507
4009
4058
4508
4010
4059
4509
4011
4060
4510
4012
4061
4511
4013
4062
4512
4014
4063
4513
4015
4064
4514
4016
4065
4515
4017
4066
4516
4018
4067
4517
4019
4068
4518
4020
4069
4519
4021
4070
4520
4022
4071
4521
4023
4072
4522
4024
4073
4523
4025
4074
4524
4026
4075
4525
4027
4076
4526
4028
4077
4527
4029
4078
4528
4030
4079
4529
4031
4080
4530
4032
4081
4531
4033
4082
4532
4034
4083
4533
4035
4084
4534
4036
4085
4535
4037
4086
4536
4038
4087
4537
4039
4088
4538
4040
4089
4539
4041
4090
4540
4042
4091
4541
4043
4092
4542
4044
4093
4543
4045
4094
4544
4046
4095
4545
4047
4096
4546
4048
4097
4547
4049
4098
4548
4099
4549
4051
4100
4550
4052
4101
4551
4053
4102
4552
4054
4103
4553
4055
4104
4554
4056
4105
4555
4057
4106
4556
4058
4107
4557
4059
4108
4558
4060
4109
4559
4061
4110
4560
4062
4111
4561
4063
4112
4562
4064
4113
4563
4065
4114
4564
4066
4115
4565
4067
4116
4566
4068
4117
4567
4069
4118
4568
4070
4119
4569
4071
4120
4570
4072
4121
4571
4073
4122
4572
4074
4123
4573
4075
4124
4574
4076
4125
4575
4077
4126
4576
4078
4127
4577
4079
4128
4578
4080
4129
4579
4081
4130
4580
4082
4131
4581
4083
4132
4582
4084
4133
4583
4085
4134
4584
4086
4135
4585
4087
4136
4586
4088
4137
4587
4089
4138
4588
4090
4139
4589
4091
4140
4590
4092
4141
4591
4093
4142
4592
4094
4143
4593
4095
4144
4594
4096
4145
4595
4097
4146
4596
4098
4147
4597
4099
4148
4598
4149
4599
4101
4150
4600
4102
4151
4601
4103
4152
4602
4104
4153
4603
4105
4154
4604
4106
4155
4605
4107
4156
4606
4108
4157
4607
4109
4158
4608
4110
4159
4609
4111
4160
4610
4112
4161
4611
4113
4162
4612
4114
4163
4613
4115
4164
4614
4116
4165
4615
4117
4166
4616
4118
4167
4617
4119
4168
4618
4120
4169
4619
4121
4170
4620
4122
4171
4621
4123
4172
4622
4124
4173
4623
4125
4174
4624
4126
4175
4625
4127
4176
4626
4128
4177
4627
4129
4178
4628
4130
4179
4629
4131
4180
4630
4132
4181
4631
4133
4182
4632
4134
4183
4633
4135
4184
4634
4136
4185
4635
4137
4186
4636
4138
4187
4637
4139
4188
4638
4140
4189
4639
4141
4190
4640
4142
4191
4641
4143
4192
4642
4144
4193
4643
4145
4194
4644
4146
4195
4645
4147
4196
4646
4148
4197
4647
4149
4198
4648
4199
4649
4151
4200
4650
4152
4201
4651
4153
4202
4652
4154
4203
4653
4155
4204
4654
4156
4205
4655
4157
4206
4656
4158
4207
4657
4159
4208
4658
4160
4209
4659
4161
4210
4660
4162
4211
4661
4163
4212
4662
4164
4213
4663
4165
4214
4664
4166
4215
4665
4167
4216
4666
4168
4217
4667
4169
4218
4668
4170
4219
4669
4171
4220
4670
4172
4221
4671
4173
4222
4672
4174
4223
4673
4175
4224
4674
4176
4225
4675
4177
4226
4676
4178
4227
4677
4179
4228
4678
4180
4229
4679
4181
4230
4680
4182
4231
4681
4183
4232
4682
4184
4233
4683
4185
4234
4684
4186
4235
4685
4187
4236
4686
4188
4237
4687
4189
4238
4688
4190
4239
4689
4191
4240
4690
4192
4241
4691
4193
4242
4692
4194
4243
4693
4195
4244
4694
4196
4245
4695
4197
4246
4696
4198
4247
4697
4199
4248
4698
4249
4699
4201
4250
4700
4202
4251
4701
4203
4252
4702
4204
4253
4703
4205
4254
4704
4206
4255
4705
4207
4256
4706
4208
4257
4707
4209
4258
4708
4210
4259
4709
4211
4260
4710
4212
4261
4711
4213
4262
4712
4214
4263
4713
4215
4264
4714
4216
4265
4715
4217
4266
4716
4218
4267
4717
4219
4268
4718
4220
4269
4719
4221
4270
4720
4222
4271
4721
4223
4272
4722
4224
4273
4723
4225
4274
4724
4226
4275
4725
4227
4276
4726
4228
4277
4727
4229
4278
4728
4230
4279
4729
4231
4280
4730
4232
4281
4731
4233
4282
4732
4234
4283
4733
4235
4284
4734
4236
4285
4735
4237
4286
4736
4238
4287
4737
4239
4288
4738
4240
4289
4739
4241
4290
4740
4242
4291
4741
4243
4292
4742
4244
4293
4743
4245
4294
4744
4246
4295
4745
4247
4296
4746
4248
4297
4747
4249
4298
4748
4299
4749
4251
4300
4750
4252
4301
4751
4253
4302
4752
4254
4303
4753
4255
4304
4754
4256
4305
4755
4257
4306
4756
4258
4307
4757
4259
4308
4758
4260
4309
4759
4261
4310
4760
4262
4311
4761
4263
4312
4762
4264
4313
4763
4265
4314
4764
4266
4315
4765
4267
4316
4766
4268
4317
4767
4269
4318
4768
4270
4319
4769
4271
4320
4770
4272
4321
4771
4273
4322
4772
4274
4323
4773
4275
4324
4774
4276
4325
4775
4277
4326
4776
4278
4327
4777
4279
4328
4778
4280
4329
4779
4281
4330
4780
4282
4331
4781
4283
4332
4782
4284
4333
4783
4285
4334
4784
4286
4335
4785
4287
4336
4786
4288
4337
4787
4289
4338
4788
4290
4339
4789
4291
4340
4790
4292
4341
4791
4293
4342
4792
4294
4343
4793
4295
4344
4794
4296
4345
4795
4297
4346
4796
4298
4347
4797
4299
4348
4798
4349
4799
4301
4350
4800
4302
4351
4801
4303
4352
4802
4304
4353
4803
4305
4354
4804
4306
4355
4805
4307
4356
4806
4308
4357
4807
4309
4358
4808
4310
4359
4809
4311
4360
4810
4312
4361
4811
4313
4362
4812
4314
4363
4813
4315
4364
4814
4316
4365
4815
4317
4366
4816
4318
4367
4817
4319
4368
4818
4320
4369
4819
4321
4370
4820
4322
4371
4821
4323
4372
4822
4324
4373
4823
4325
4374
4824
4326
4375
4825
4327
4376
4826
4328
4377
4827
4329
4378
4828
4330
4379
4829
4331
4380
4830
4332
4381
4831
4333
4382
4832
4334
4383
4833
4335
4384
4834
4336
4385
4835
4337
4386
4836
4338
4387
4837
4339
4388
4838
4340
4389
4839
4341
4390
4840
4342
4391
4841
4343
4392
4842
4344
4393
4843
4345
4394
4844
4346
4395
4845
4347
4396
4846
4348
4397
4847
4349
4398
4848
4399
4849
4351
4400
4850
4352
4401
4851
4353
4402
4852
4354
4403
4853
4355
4404
4854
4356
4405
4855
4357
4406
4856
4358
4407
4857
4359
4408
4858
4360
4409
4859
4361
4410
4860
4362
4411
4861
4363
4412
4862
4364
4413
4863
4365
4414
4864
4366
4415
4865
4367
4416
4866
4368
4417
4867
4369
4418
4868
4370
4419
4869
4371
4420
4870
4372
4421
4871
4373
4422
4872
4374
4423
4873
4375
4424
4874
4376
4425
4875
4377
4426
4876
4378
4427
4877
4379
4428
4878
4380
4429
4879
4381
4430
4880
4382
4431
4881
4383
4432
4882
4384
4433
4883
4385
4434
4884
4386
4435
4885
4387
4436
4886
4388
4437
4887
4389
4438
4888
4390
4439
4889
4391
4440
4890
4392
4441
4891
4393
4442
4892
4394
4443
4893
4395
4444
4894
4396
4445
4895
4397
4446
4896
4398
4447
4897
4399
4448
4898
4449
4899
4401
4450
4900
4402
4451
4901
4403
4452
4902
4404
4453
4903
4405
4454
4904
4406
4455
4905
4407
4456
4906
4408
4457
4907
4409
4458
4908
4410
4459
4909
4411
4460
4910
4412
4461
4911
4413
4462
4912
4414
4463
4913
4415
4464
4914
4416
4465
4915
4417
4466
4916
4418
4467
4917
4419
4468
4918
4420
4469
4919
4421
4470
4920
4422
4471
4921
4423
4472
4922
4424
4473
4923
4425
4474
4924
4426
4475
4925
4427
4476
4926
4428
4477
4927
4429
4478
4928
4430
4479
4929
4431
4480
4930
4432
4481
4931
4433
4482
4932
4434
4483
4933
4435
4484
4934
4436
4485
4935
4437
4486
4936
4438
4487
4937
4439
4488
4938
4440
4489
4939
4441
4490
4940
4442
4491
4941
4443
4492
4942
4444
4493
4943
4445
4494
4944
4446
4495
4945
4447
4496
4946
4448
4497
4947
4449
4498
4948
4499
4949
4451
4950
4452
4951
4453
4952
4454
4953
4455
4954
4456
4955
4457
4956
4458
4957
4459
4958
4460
4959
4461
4960
4462
4961
4463
4962
4464
4963
4465
4964
4466
4965
4467
4966
4468
4967
4469
4968
4470
4969
4471
4970
4472
4971
4473
4972
4474
4973
4475
4974
4476
4975
4477
4976
4478
4977
4479
4978
4480
4979
4481
4980
4482
4981
4483
4982
4484
4983
4485
4984
4486
4985
4487
4986
4488
4987
4489
4988
4490
4989
4491
4990
4492
4991
4493
4992
4494
4993
4495
4994
4496
4995
4497
4996
4498
4997
4499
4998
4999
4501
4550
4502
4551
4503
4552
4504
4553
4505
4554
4506
4555
4507
4556
4508
4557
4509
4558
4510
4559
4511
4560
4512
4561
4513
4562
4514
4563
4515
4564
4516
4565
4517
4566
4518
4567
4519
4568
4520
4569
4521
4570
4522
4571
4523
4572
4524
4573
4525
4574
4526
4575
4527
4576
4528
4577
4529
4578
4530
4579
4531
4580
4532
4581
4533
4582
4534
4583
4535
4584
4536
4585
4537
4586
4538
4587
4539
4588
4540
4589
4541
4590
4542
4591
4543
4592
4544
4593
4545
4594
4546
4595
4547
4596
4548
4597
4549
4598
4599
4551
4600
4552
4601
4553
4602
4554
4603
4555
4604
4556
4605
4557
4606
4558
4607
4559
4608
4560
4609
4561
4610
4562
4611
4563
4612
4564
4613
4565
4614
4566
4615
4567
4616
4568
4617
4569
4618
4570
4619
4571
4620
4572
4621
4573
4622
4574
4623
4575
4624
4576
4625
4577
4626
4578
4627
4579
4628
4580
4629
4581
4630
4582
4631
4583
4632
4584
4633
4585
4634
4586
4635
4587
4636
4588
4637
4589
4638
4590
4639
4591
4640
4592
4641
4593
4642
4594
4643
4595
4644
4596
4645
4597
4646
4598
4647
4599
4648
4649
4601
4650
4602
4651
4603
4652
4604
4653
4605
4654
4606
4655
4607
4656
4608
4657
4609
4658
4610
4659
4611
4660
4612
4661
4613
4662
4614
4663
4615
4664
4616
4665
4617
4666
4618
4667
4619
4668
4620
4669
4621
4670
4622
4671
4623
4672
4624
4673
4625
4674
4626
4675
4627
4676
4628
4677
4629
4678
4630
4679
4631
4680
4632
4681
4633
4682
4634
4683
4635
4684
4636
4685
4637
4686
4638
4687
4639
4688
4640
4689
4641
4690
4642
4691
4643
4692
4644
4693
4645
4694
4646
4695
4647
4696
4648
4697
4649
4698
4699
4651
4700
4652
4701
4653
4702
4654
4703
4655
4704
4656
4705
4657
4706
4658
4707
4659
4708
4660
4709
4661
4710
4662
4711
4663
4712
4664
4713
4665
4714
4666
4715
4667
4716
4668
4717
4669
4718
4670
4719
4671
4720
4672
4721
4673
4722
4674
4723
4675
4724
4676
4725
4677
4726
4678
4727
4679
4728
4680
4729
4681
4730
4682
4731
4683
4732
4684
4733
4685
4734
4686
4735
4687
4736
4688
4737
4689
4738
4690
4739
4691
4740
4692
4741
4693
4742
4694
4743
4695
4744
4696
4745
4697
4746
4698
4747
4699
4748
4749
4701
4750
4702
4751
4703
4752
4704
4753
4705
4754
4706
4755
4707
4756
4708
4757
4709
4758
4710
4759
4711
4760
4712
4761
4713
4762
4714
4763
4715
4764
4716
4765
4717
4766
4718
4767
4719
4768
4720
4769
4721
4770
4722
4771
4723
4772
4724
4773
4725
4774
4726
4775
4727
4776
4728
4777
4729
4778
4730
4779
4731
4780
4732
4781
4733
4782
4734
4783
4735
4784
4736
4785
4737
4786
4738
4787
4739
4788
4740
4789
4741
4790
4742
4791
4743
4792
4744
4793
4745
4794
4746
4795
4747
4796
4748
4797
4749
4798
4799
4751
4800
4752
4801
4753
4802
4754
4803
4755
4804
4756
4805
4757
4806
4758
4807
4759
4808
4760
4809
4761
4810
4762
4811
4763
4812
4764
4813
4765
4814
4766
4815
4767
4816
4768
4817
4769
4818
4770
4819
4771
4820
4772
4821
4773
4822
4774
4823
4775
4824
4776
4825
4777
4826
4778
4827
4779
4828
4780
4829
4781
4830
4782
4831
4783
4832
4784
4833
4785
4834
4786
4835
4787
4836
4788
4837
4789
4838
4790
4839
4791
4840
4792
4841
4793
4842
4794
4843
4795
4844
4796
4845
4797
4846
4798
4847
4799
4848
4849
4801
4850
4802
4851
4803
4852
4804
4853
4805
4854
4806
4855
4807
4856
4808
4857
4809
4858
4810
4859
4811
4860
4812
4861
4813
4862
4814
4863
4815
4864
4816
4865
4817
4866
4818
4867
4819
4868
4820
4869
4821
4870
4822
4871
4823
4872
4824
4873
4825
4874
4826
4875
4827
4876
4828
4877
4829
4878
4830
4879
4831
4880
4832
4881
4833
4882
4834
4883
4835
4884
4836
4885
4837
4886
4838
4887
4839
4888
4840
4889
4841
4890
4842
4891
4843
4892
4844
4893
4845
4894
4846
4895
4847
4896
4848
4897
4849
4898
4899
4851
4900
4852
4901
4853
4902
4854
4903
4855
4904
4856
4905
4857
4906
4858
4907
4859
4908
4860
4909
4861
4910
4862
4911
4863
4912
4864
4913
4865
4914
4866
4915
4867
4916
4868
4917
4869
4918
4870
4919
4871
4920
4872
4921
4873
4922
4874
4923
4875
4924
4876
4925
4877
4926
4878
4927
4879
4928
4880
4929
4881
4930
4882
4931
4883
4932
4884
4933
4885
4934
4886
4935
4887
4936
4888
4937
4889
4938
4890
4939
4891
4940
4892
4941
4893
4942
4894
4943
4895
4944
4896
4945
4897
4946
4898
4947
4899
4948
4949
4901
4950
4902
4951
4903
4952
4904
4953
4905
4954
4906
4955
4907
4956
4908
4957
4909
4958
4910
4959
4911
4960
4912
4961
4913
4962
4914
4963
4915
4964
4916
4965
4917
4966
4918
4967
4919
4968
4920
4969
4921
4970
4922
4971
4923
4972
4924
4973
4925
4974
4926
4975
4927
4976
4928
4977
4929
4978
4930
4979
4931
4980
4932
4981
4933
4982
4934
4983
4935
4984
4936
4985
4937
4986
4938
4987
4939
4988
4940
4989
4941
4990
4942
4991
4943
4992
4944
4993
4945
4994
4946
4995
4947
4996
4948
4997
4949
4998
4999
4951
4952
4953
4954
4955
4956
4957
4958
4959
4960
4961
4962
4963
4964
4965
4966
4967
4968
4969
4970
4971
4972
4973
4974
4975
4976
4977
4978
4979
4980
4981
4982
4983
4984
4985
4986
4987
4988
4989
4990
4991
4992
4993
4994
4995
4996
4997
4998
4999
)


// ************************************************************************* //
